Wall
525 32 0 440
640 32 525 440
640 32 1165 440
640 32 1805 440
640 32 2445 440
96 32 1377 310
320 32 1503 244
192 32 1854 310
320 32 2782 246
Candle
800 65 376
800 320 376
800 575 376
800 830 376
800 1085 376
800 195 316
800 452 316
800 709 316
800 966 316
800 1219 326
800 1339 193
800 1445 380
800 1800 380
800 1713 190
800 1986 198
800 2601 387
800 2868 190
800 2050 380
800 2175 380
800 2300 380 
800 2425 380
CheckStair
803 1255 407 1 1
804 1382 215 1 2
803 1448 278 2 1
804 1510 151 2 2
804 1790 151 3 3
803 1850 278 3 0
803 2595 407 4 1
804 2788 153 4 2
Panther
605 606 607 608 1403 260 100
605 606 607 608 1950 260 100
605 606 607 608 1770 200 100